39437
39438
39440
39453
39459
39460
39461
39462
39463
39471
39480
39485
39486
39487
39489
39490
39491
39492
39493
39497
39498
39499
39500
39501
39504
39505
39506
39507
39508
39509
39510
39512
39513
39514
39516
39517
39518
39519
39520
39521
39522
39525
39526
39527
39528
39529
39530
39531
39532
39533
39534
39535
39536
39537
39538
39539
39540
39541
39542
39543
39544
39546
39547
39548
39550
39551
39552
39553
39556
39557
39558
39559
39560
39561
39563
39565
39566
39567
39568
39569
39570
39571
39572
39573
39574
39575
39576
39577
39579
39580
39581
39582
39583
39585
39586
39587
39588
39590
39591
39592
39593
39594
39595
39597
39598
39599
39601
39604
39605
39607
39609
39611
39612
39613
39614
39615
39616
39618
39619
39620
39621
39626
39627
39630
39641
39642
39643
39645
39646
39647
39648
39671
39672
39673
39674
39675
39677
39678
39680
39691
39692
39699
39700
39701
39702
39705
39706
39708
39710
39712
39713
39715
39716
39718
39719
39720
39721
39722
39723
39724
39725
39726
39728
39729
39730
39733
39734
39740
39743
39744
39746
39748
39749
39750
39759
39762
39763
39778
39782
39783
39784
39786
39787
39790
39804
39805
39807
39808
39809
39819
39823
39827
39829
39830
39842
39843
39845
39846
39848
39849
39851
39852
39856
39857
39858
39859
39861
39862
39863
39864
39865
39866
39867
39868
39869
39871
39873
39874
39875
39876
39878
39879
39880
39881
39883
39888
39890
39891
39892
39893
39894
39895
39899
39900
39901
39903
39905
39907
39908
39912
39913
39914
39915
39916
39918
39922
39926
39929
39931
39933
39934
39936
39938
39939
39941
39944
39945
39948
39949
39950
39951
39952
39954
39955
39959
39960
39961
39963
39964
39965
39967
39969
39972
39973
39974
39975
39976
39979
39980
39985
39990
40001
40003
40006
40009
40010
40012
40015
40017
40020
40021
40022
40023
40024
40026
40028
40029
40030
40042
40043
40044
40048
40050
40062
40063
40064
40066
40067
40072
40073
40075
40080
40081
40083
40087
40090
40091
40094
40095
40098
40099
40100
40101
40104
40106
40107
40111
40132
40133
40136
40137
40139
40141
40144
40145
40149
40151
40154
40155
40156
40157
40159
40164
40165
40168
40169
40171
40173
40174
40178
40179
40184
40185
40186
40187
40188
40189
40192
40195
40199
40200
40201
40202
40203
40204
40206
40207
40208
40209
40210
40218
40220
40222
40223
40224
40225
40228
40230
40231
40234
40235
40236
40237
40238
40240
40243
40246
40247
40249
40250
40262
40263
40269
40271
40272
40274
40278
40280
40281
40285
40287
40289
40302
40305
40311
40313
40314
40316
40319
40325
40341
40347
40348
40358
40366
40367
40368
40388
40390
40393
40395
40398
40411
40414
40419
40423
40425
40426
40429
40430
40434
40435
40438
40439
40441
40452
40454
40456
40457
40459
40466
40467
40468
40469
40478
40483
40492
40493
40494
40495
40496
40497
40498
40500
40503
40505
40506
40507
40509
40510
40521
40523
40524
40527
40532
40533
40534
40536
40539
40540
40542
40546
40551
40554
40557
40558
40560
40562
40564
40565
40566
40567
40570
40580
40583
40584
40585
40586
40588
40590
40592
40593
40595
40596
40599
40601
40602
40603
40607
40608
40609
40610
40622
40625
40626
40627
40629
40630
40642
40643
40645
40646
40647
40648
40651
40654
40655
40656
40657
40658
40661
40663
40668
40671
40673
40679
40680
40684
40686
40688
40705
40708
40710
40711
40712
40713
40715
40716
40718
40732
40733
40734
40737
40738
40740
40742
40743
40744
40745
40746
40747
40748
40749
40750
40751
40752
40753
40754
40755
40756
40757
40758
40759
40760
40761
40762
40763
40764
40765
40766
40767
40768
40769
40771
40772
40774
40775
40776
40778
40782
40791
40794
40801
40803
40804
40809
40821
40822
40823
40828
40829
40842
40846
40853
40871
40872
40876
40903
40906
40907
40908
40910
40911
40913
40914
40915
40918
40919
40926
40927
40928
40930
40931
40933
40935
40936
40945
40948
40950
40961
40965
40968
40970
40982
40984
40986
40989
40993
40994
40995
40996
41006
41013
41015
41019
41035
41036
41037
41038
41039
41041
41042
41043
41052
41053
41056
41058
41073
41076
41080
41081
41083
41089
41092
41093
41094
41096
41131
41132
41133
41134
41142
41146
41150
41151
41152
41153
41159
41179
41180
41193
41195
41211
41213
41216
41224
41234
41235
41239
41240
41262
41267
41270
41272
41275
41279
41291
41294
41298
41305
41307
41309
41312
41313
41317
41320
41323
41326
41328
41330
41341
41342
41343
41347
41348
41351
41372
41409
41415
41416
41417
41418
41423
41429
41449
41450
41465
41466
41474
41476
41477
41480
41490
41492
41497
41504
41520
41530
41555
41556
41565
41568
41581
41583
41606
41608
41617
41637
41638
41644
41651
41683
41684
41688
41690
41743
41748
41772
41779
41785
41787
41793
41803
41809
41810
41814
41816
41820
41823
41824
41825
41833
