39453
39460
39463
39577
39580
39582
39595
39612
39643
39675
39723
39724
39748
39830
39899
39954
39985
40006
40104
40107
40184
40250
40285
40302
40367
40478
40493
40506
40540
40565
40566
40567
40586
40588
40590
40592
40593
40596
40601
40602
40663
40712
40713
40715
40733
40745
40746
40747
40748
40749
40750
40752
40754
40755
40756
40757
40758
40759
40760
40761
40762
40763
40764
40765
40766
40767
40768
40769
40771
40772
40774
40775
40776
40803
40823
40846
40910
40919
40926
40930
40931
40933
40935
40996
41006
41015
41035
41037
41038
41039
41041
41080
41151
41272
41312
41313
41326
41328
41341
41465
41476
41490
41492
41497
41556
41638
